version 4


// File extracted from /home/charbie/Documents/Programmation/ReachingLearning/ReachingLearning/StochasticOptimalControl/models/MOBL_ARMS_41.osim on the 2025-11-04 18:01

// Original file publication : Comp Meth Biomech Biomed Eng 2014

// Original file credit : Katherine R. Saul, Wendy M. Murray, Craig M. Goehler, Melissa Daly, Meghan E. Vidt, Dustin L. Crouch

// Force units : N

// Length units : meters


gravity	0.0	-9.80665	0.0


// --------------------------------------------------------------
// SEGMENTS
// --------------------------------------------------------------

segment	root
	parent	base
	RTinMatrix	1
	RT
		1.000000	0.000000	0.000000	0.000000
		0.000000	1.000000	0.000000	0.000000
		0.000000	0.000000	1.000000	0.000000
		0.000000	0.000000	0.000000	1.000000
endsegment



segment	ground
	parent	root
	RTinMatrix	1
	RT
		1.000000	0.000000	0.000000	0.000000
		0.000000	1.000000	0.000000	0.000000
		0.000000	0.000000	1.000000	0.000000
		0.000000	0.000000	0.000000	1.000000
endsegment



segment	thorax_parent_offset
	parent	ground
	RTinMatrix	1
	RT
		1.000000	0.000000	0.000000	0.000000
		0.000000	1.000000	0.000000	0.000000
		0.000000	0.000000	1.000000	0.000000
		0.000000	0.000000	0.000000	1.000000
endsegment



segment	thorax_translation
	parent	thorax_parent_offset
	RTinMatrix	1
	RT
		1.000000	0.000000	0.000000	0.000000
		0.000000	1.000000	0.000000	0.000000
		0.000000	0.000000	1.000000	0.000000
		0.000000	0.000000	0.000000	1.000000
	translations	xyz
	rangesQ 
		-100.000000	100.000000
		-100.000000	100.000000
		-100.000000	100.000000

endsegment



segment	thorax_rotation_transform
	parent	thorax_translation
	RTinMatrix	1
	RT
		1.000000	0.000000	0.000000	0.000000
		0.000000	1.000000	0.000000	0.000000
		0.000000	0.000000	1.000000	0.000000
		0.000000	0.000000	0.000000	1.000000
	rotations	xyz
	rangesQ 
		-6.283185	6.283185
		-6.283185	6.283185
		-6.283185	6.283185

endsegment



segment	thorax
	parent	thorax_rotation_transform
	RTinMatrix	1
	RT
		1.000000	0.000000	0.000000	-0.000000
		0.000000	1.000000	0.000000	-0.000000
		0.000000	0.000000	1.000000	-0.000000
		0.000000	0.000000	0.000000	1.000000
	mass	0.0
	CenterOfMass	0.000000	0.000000	0.000000
	inertia
		1.000000	0.000000	0.000000
		0.000000	1.000000	0.000000
		0.000000	0.000000	1.000000
	meshfile	.//home/charbie/Documents/Programmation/ReachingLearning/ReachingLearning/StochasticOptimalControl/models/mesh_cleaned/thorax.vtp
	meshcolor	1.0	1.0	1.0
	meshscale	1.0	1.0	1.0
	meshrt	0.0	0.0	0.0	xyz	0.0	0.0	0.0
endsegment

marker	C7
	parent	thorax
	position	-0.05613000	0.05528000	-0.00151000
	technical	1
	anatomical	0
endmarker



segment	clavicle_parent_offset
	parent	thorax
	RTinMatrix	1
	RT
		1.000000	0.000000	0.000000	0.006325
		0.000000	1.000000	0.000000	0.006930
		0.000000	0.000000	1.000000	0.025465
		0.000000	0.000000	0.000000	1.000000
endsegment



segment	clavicle_translation
	parent	clavicle_parent_offset
	RTinMatrix	1
	RT
		1.000000	0.000000	0.000000	0.000000
		0.000000	1.000000	0.000000	0.000000
		0.000000	0.000000	1.000000	0.000000
		0.000000	0.000000	0.000000	1.000000
endsegment



segment	thorax_offset_sternoclavicular_r2
	parent	clavicle_translation
	RTinMatrix	1
	RT
		0.015300	0.963800	0.266185	0.000000
		0.989299	0.024041	-0.143910	0.000000
		-0.145100	0.265539	-0.953119	0.000000
		0.000000	0.000000	0.000000	1.000000
	rotations	x
	rangesQ 
		-99999.900000	99999.900000

endsegment



segment	thorax_offset_sternoclavicular_r3
	parent	thorax_offset_sternoclavicular_r2
	RTinMatrix	1
	RT
		0.751094	0.000020	-0.660195	0.000000
		0.025546	-0.999252	0.029033	0.000000
		-0.659701	-0.038672	-0.750533	0.000000
		0.000000	0.000000	0.000000	1.000000
	rotations	y
	rangesQ 
		-99999.900000	99999.900000

endsegment



segment	clavicle_rotation_2
	parent	thorax_offset_sternoclavicular_r3
	RTinMatrix	1
	RT
		-0.444799	0.559289	0.699536	0.000000
		-0.782663	-0.622446	0.000000	0.000000
		0.435423	-0.547500	0.714598	0.000000
		0.000000	0.000000	0.000000	1.000000
endsegment



segment	clavicle_reset_axis
	parent	clavicle_rotation_2
	RTinMatrix	1
	RT
		0.744664	-0.595635	0.301154	0.000000
		0.627447	0.778573	-0.011596	0.000000
		-0.227563	0.197593	0.953505	0.000000
		0.000000	0.000000	0.000000	1.000000
endsegment



segment	clavicle
	parent	clavicle_reset_axis
	RTinMatrix	1
	RT
		1.000000	0.000000	0.000000	-0.000000
		0.000000	1.000000	0.000000	-0.000000
		0.000000	0.000000	1.000000	-0.000000
		0.000000	0.000000	0.000000	1.000000
	mass	0.156
	CenterOfMass	-0.011096	0.006372	0.054168
	inertia
		0.000243	-0.000019	-0.000070
		-0.000019	0.000255	0.000054
		-0.000070	0.000054	0.000044
	meshfile	.//home/charbie/Documents/Programmation/ReachingLearning/ReachingLearning/StochasticOptimalControl/models/mesh_cleaned/clavicle.vtp
	meshcolor	1.0	1.0	1.0
	meshscale	1.0	1.0	1.0
	meshrt	0.0	0.0	0.0	xyz	0.0	0.0	0.0
endsegment

marker	R.Clavicle
	parent	clavicle
	position	0.01835000	-0.00464000	-0.00046000
	technical	1
	anatomical	0
endmarker



segment	clavphant_parent_offset
	parent	clavicle
	RTinMatrix	1
	RT
		1.000000	0.000000	0.000000	-0.014330
		0.000000	1.000000	0.000000	0.020070
		0.000000	0.000000	1.000000	0.135535
		0.000000	0.000000	0.000000	1.000000
endsegment



segment	clavphant_translation
	parent	clavphant_parent_offset
	RTinMatrix	1
	RT
		1.000000	0.000000	0.000000	0.000000
		0.000000	1.000000	0.000000	0.000000
		0.000000	0.000000	1.000000	0.000000
		0.000000	0.000000	0.000000	1.000000
endsegment



segment	clavicle_offset_unrotscap_r3
	parent	clavphant_translation
	RTinMatrix	1
	RT
		-0.994473	-0.008067	0.104687	0.000000
		0.000000	0.997044	0.076833	0.000000
		-0.104997	0.076409	-0.991533	0.000000
		0.000000	0.000000	0.000000	1.000000
	rotations	x
	rangesQ 
		-99999.900000	99999.900000

endsegment



segment	clavicle_offset_unrotscap_r2
	parent	clavicle_offset_unrotscap_r3
	RTinMatrix	1
	RT
		-0.291327	0.000020	0.956623	0.000000
		0.161536	0.985641	0.049173	0.000000
		-0.942886	0.168854	-0.287147	0.000000
		0.000000	0.000000	0.000000	1.000000
	rotations	y
	rangesQ 
		-99999.900000	99999.900000

endsegment



segment	clavphant_rotation_2
	parent	clavicle_offset_unrotscap_r2
	RTinMatrix	1
	RT
		-0.069823	0.152914	-0.985770	0.000000
		0.909654	0.415366	-0.000000	0.000000
		0.409456	-0.896710	-0.168101	0.000000
		0.000000	0.000000	0.000000	1.000000
endsegment



segment	clavphant_reset_axis
	parent	clavphant_rotation_2
	RTinMatrix	1
	RT
		-0.406417	0.910598	-0.075079	0.000000
		0.913423	0.402950	-0.057346	0.000000
		-0.021966	-0.091885	-0.995527	0.000000
		0.000000	0.000000	0.000000	1.000000
endsegment



segment	clavphant
	parent	clavphant_reset_axis
	RTinMatrix	1
	RT
		1.000000	0.000000	0.000000	-0.000000
		0.000000	1.000000	0.000000	-0.000000
		0.000000	0.000000	1.000000	-0.000000
		0.000000	0.000000	0.000000	1.000000
	mass	0.0001
	CenterOfMass	0.000000	0.000000	0.000000
	inertia
		1.000000	0.000000	0.000000
		0.000000	1.000000	0.000000
		0.000000	0.000000	1.000000
endsegment



segment	scapula_parent_offset
	parent	clavphant
	RTinMatrix	1
	RT
		1.000000	0.000000	0.000000	0.000000
		0.000000	1.000000	0.000000	0.000000
		0.000000	0.000000	1.000000	0.000000
		0.000000	0.000000	0.000000	1.000000
endsegment



segment	scapula_translation
	parent	scapula_parent_offset
	RTinMatrix	1
	RT
		1.000000	0.000000	0.000000	0.000000
		0.000000	1.000000	0.000000	0.000000
		0.000000	0.000000	1.000000	0.000000
		0.000000	0.000000	0.000000	1.000000
endsegment



segment	clavphant_offset_acromioclavicular_r2
	parent	scapula_translation
	RTinMatrix	1
	RT
		0.157095	0.962560	0.220904	0.000000
		0.947269	-0.083606	-0.309342	0.000000
		-0.279291	0.257852	-0.924937	0.000000
		0.000000	0.000000	0.000000	1.000000
	rotations	x
	rangesQ 
		-99999.900000	99999.900000

endsegment



segment	clavphant_offset_acromioclavicular_r3
	parent	clavphant_offset_acromioclavicular_r2
	RTinMatrix	1
	RT
		0.063041	-0.000082	-0.998011	0.000000
		0.782964	-0.620093	0.049509	0.000000
		-0.618864	-0.784528	-0.039027	0.000000
		0.000000	0.000000	0.000000	1.000000
	rotations	y
	rangesQ 
		-99999.900000	99999.900000

endsegment



segment	clavphant_offset_acromioclavicular_r1
	parent	clavphant_offset_acromioclavicular_r3
	RTinMatrix	1
	RT
		0.013896	-0.143048	0.989618	0.000000
		-0.995335	-0.096483	0.000029	0.000000
		0.095477	-0.985002	-0.143721	0.000000
		0.000000	0.000000	0.000000	1.000000
	rotations	z
	rangesQ 
		-99999.900000	99999.900000

endsegment



segment	scapula_reset_axis
	parent	clavphant_offset_acromioclavicular_r1
	RTinMatrix	1
	RT
		0.764071	-0.380003	-0.521338	0.000000
		0.100624	0.868418	-0.485515	0.000000
		0.637237	0.318509	0.701770	0.000000
		0.000000	0.000000	0.000000	1.000000
endsegment



segment	scapula
	parent	scapula_reset_axis
	RTinMatrix	1
	RT
		1.000000	0.000000	0.000000	-0.000000
		0.000000	1.000000	0.000000	-0.000000
		0.000000	0.000000	1.000000	-0.000000
		0.000000	0.000000	0.000000	1.000000
	mass	0.70396
	CenterOfMass	-0.054694	-0.035032	-0.043734
	inertia
		0.001243	0.000449	0.000409
		0.000449	0.001150	0.000241
		0.000409	0.000241	0.001365
	meshfile	.//home/charbie/Documents/Programmation/ReachingLearning/ReachingLearning/StochasticOptimalControl/models/mesh_cleaned/scapula.vtp
	meshcolor	1.0	1.0	1.0
	meshscale	1.0	1.0	1.0
	meshrt	0.0	0.0	0.0	xyz	0.0	0.0	0.0
endsegment

marker	R.Shoulder
	parent	scapula
	position	0.00140000	-0.00147000	0.01369000
	technical	1
	anatomical	0
endmarker



segment	scapphant_parent_offset
	parent	scapula
	RTinMatrix	1
	RT
		1.000000	0.000000	0.000000	-0.009550
		0.000000	1.000000	0.000000	-0.034000
		0.000000	0.000000	1.000000	0.009000
		0.000000	0.000000	0.000000	1.000000
endsegment



segment	scapphant_translation
	parent	scapphant_parent_offset
	RTinMatrix	1
	RT
		1.000000	0.000000	0.000000	0.000000
		0.000000	1.000000	0.000000	0.000000
		0.000000	0.000000	1.000000	0.000000
		0.000000	0.000000	0.000000	1.000000
endsegment



segment	scapula_offset_unrothum_r1
	parent	scapphant_translation
	RTinMatrix	1
	RT
		0.637700	0.756841	-0.143284	0.000000
		0.118600	0.087324	0.989095	0.000000
		0.761100	-0.647739	-0.034075	0.000000
		0.000000	0.000000	0.000000	1.000000
	rotations	x
	rangesQ 
		-99999.900000	99999.900000

endsegment



segment	scapula_offset_unrothum_r3
	parent	scapula_offset_unrothum_r1
	RTinMatrix	1
	RT
		0.994182	0.000029	0.107709	0.000000
		0.050302	-0.884375	-0.464060	0.000000
		0.095242	0.466778	-0.879231	0.000000
		0.000000	0.000000	0.000000	1.000000
	rotations	y
	rangesQ 
		-99999.900000	99999.900000

endsegment



segment	scapula_offset_unrothum_r2
	parent	scapula_offset_unrothum_r3
	RTinMatrix	1
	RT
		0.639573	0.703441	0.310028	0.000000
		0.739916	-0.672699	-0.000082	0.000000
		0.208497	0.229447	-0.950728	0.000000
		0.000000	0.000000	0.000000	1.000000
	rotations	z
	rangesQ 
		-99999.900000	99999.900000

endsegment



segment	scapphant_reset_axis
	parent	scapula_offset_unrothum_r2
	RTinMatrix	1
	RT
		-0.156259	0.235838	0.959147	0.000000
		0.922472	-0.312234	0.227057	0.000000
		0.353027	0.920267	-0.168765	0.000000
		0.000000	0.000000	0.000000	1.000000
endsegment



segment	scapphant
	parent	scapphant_reset_axis
	RTinMatrix	1
	RT
		1.000000	0.000000	0.000000	-0.000000
		0.000000	1.000000	0.000000	-0.000000
		0.000000	0.000000	1.000000	-0.000000
		0.000000	0.000000	0.000000	1.000000
	mass	0.0001
	CenterOfMass	0.000000	0.000000	0.000000
	inertia
		1.000000	0.000000	0.000000
		0.000000	1.000000	0.000000
		0.000000	0.000000	1.000000
endsegment



segment	humphant_parent_offset
	parent	scapphant
	RTinMatrix	1
	RT
		1.000000	0.000000	0.000000	0.000000
		0.000000	1.000000	0.000000	0.000000
		0.000000	0.000000	1.000000	0.000000
		0.000000	0.000000	0.000000	1.000000
endsegment



segment	humphant_translation
	parent	humphant_parent_offset
	RTinMatrix	1
	RT
		1.000000	0.000000	0.000000	0.000000
		0.000000	1.000000	0.000000	0.000000
		0.000000	0.000000	1.000000	0.000000
		0.000000	0.000000	0.000000	1.000000
endsegment



segment	scapphant_offset_elv_angle
	parent	humphant_translation
	RTinMatrix	1
	RT
		0.004800	0.356331	-0.934347	0.000000
		0.999089	0.037908	0.019590	0.000000
		0.042400	-0.933590	-0.355825	0.000000
		0.000000	0.000000	0.000000	1.000000
	rotations	x
	rangesQ 
		-1.658063	2.268928

endsegment



segment	humphant_rotation_1
	parent	scapphant_offset_elv_angle
	RTinMatrix	1
	RT
		0.034998	0.999089	0.024412	0.000000
		0.884443	-0.019590	-0.466237	0.000000
		-0.465334	0.037908	-0.884323	0.000000
		0.000000	0.000000	0.000000	1.000000
endsegment



segment	humphant_rotation_2
	parent	humphant_rotation_1
	RTinMatrix	1
	RT
		-0.418858	0.705165	0.572101	0.000000
		0.859766	0.510688	-0.000000	0.000000
		-0.292165	0.491873	-0.820183	0.000000
		0.000000	0.000000	0.000000	1.000000
endsegment



segment	humphant_reset_axis
	parent	humphant_rotation_2
	RTinMatrix	1
	RT
		-0.539420	0.836429	0.097018	0.000000
		0.834503	0.546412	-0.070986	0.000000
		-0.112387	0.042671	-0.992748	0.000000
		0.000000	0.000000	0.000000	1.000000
endsegment



segment	humphant
	parent	humphant_reset_axis
	RTinMatrix	1
	RT
		1.000000	0.000000	0.000000	-0.000000
		0.000000	1.000000	0.000000	-0.000000
		0.000000	0.000000	1.000000	-0.000000
		0.000000	0.000000	0.000000	1.000000
	mass	0.0001
	CenterOfMass	0.000000	0.000000	0.000000
	inertia
		1.000000	0.000000	0.000000
		0.000000	1.000000	0.000000
		0.000000	0.000000	1.000000
endsegment



segment	humphant1_parent_offset
	parent	humphant
	RTinMatrix	1
	RT
		1.000000	0.000000	0.000000	0.000000
		0.000000	1.000000	0.000000	0.000000
		0.000000	0.000000	1.000000	0.000000
		0.000000	0.000000	0.000000	1.000000
endsegment



segment	humphant1_translation
	parent	humphant1_parent_offset
	RTinMatrix	1
	RT
		1.000000	0.000000	0.000000	0.000000
		0.000000	1.000000	0.000000	0.000000
		0.000000	0.000000	1.000000	0.000000
		0.000000	0.000000	0.000000	1.000000
endsegment



segment	humphant_offset_shoulder_elv
	parent	humphant1_translation
	RTinMatrix	1
	RT
		-0.998261	0.022352	-0.054541	0.000000
		0.002300	0.939377	0.342877	0.000000
		0.058898	0.342155	-0.937796	0.000000
		0.000000	0.000000	0.000000	1.000000
	rotations	x
	rangesQ 
		0.000000	3.141593

endsegment



segment	humphant_offset_shoulder1_r2
	parent	humphant_offset_shoulder_elv
	RTinMatrix	1
	RT
		0.335730	0.000004	0.941958	0.000000
		0.695707	0.674170	-0.247965	0.000000
		-0.635041	0.738576	0.226337	0.000000
		0.000000	0.000000	0.000000	1.000000
	rotations	y
	rangesQ 
		-99999.900000	99999.900000

endsegment



segment	humphant1_rotation_2
	parent	humphant_offset_shoulder1_r2
	RTinMatrix	1
	RT
		-0.279352	0.899582	-0.335730	0.000000
		0.955012	0.296566	-0.000000	0.000000
		0.099566	-0.320627	-0.941958	0.000000
		0.000000	0.000000	0.000000	1.000000
endsegment



segment	humphant1_reset_axis
	parent	humphant1_rotation_2
	RTinMatrix	1
	RT
		-0.039883	0.709453	-0.703623	0.000000
		0.043403	0.704749	0.708128	0.000000
		0.998261	-0.002297	-0.058900	0.000000
		0.000000	0.000000	0.000000	1.000000
endsegment



segment	humphant1
	parent	humphant1_reset_axis
	RTinMatrix	1
	RT
		1.000000	0.000000	0.000000	-0.000000
		0.000000	1.000000	0.000000	-0.000000
		0.000000	0.000000	1.000000	-0.000000
		0.000000	0.000000	0.000000	1.000000
	mass	0.0001
	CenterOfMass	0.000000	0.000000	0.000000
	inertia
		1.000000	0.000000	0.000000
		0.000000	1.000000	0.000000
		0.000000	0.000000	1.000000
endsegment



segment	humerus_parent_offset
	parent	humphant1
	RTinMatrix	1
	RT
		1.000000	0.000000	0.000000	0.000000
		0.000000	1.000000	0.000000	0.000000
		0.000000	0.000000	1.000000	0.000000
		0.000000	0.000000	0.000000	1.000000
endsegment



segment	humerus_translation
	parent	humerus_parent_offset
	RTinMatrix	1
	RT
		1.000000	0.000000	0.000000	0.000000
		0.000000	1.000000	0.000000	0.000000
		0.000000	0.000000	1.000000	0.000000
		0.000000	0.000000	0.000000	1.000000
endsegment



segment	humphant1_offset_shoulder_rot
	parent	humerus_translation
	RTinMatrix	1
	RT
		0.004800	0.018539	0.999817	0.000000
		0.999089	-0.042482	-0.004009	0.000000
		0.042400	0.998925	-0.018726	0.000000
		0.000000	0.000000	0.000000	1.000000
	rotations	x
	rangesQ 
		-1.570796	2.094395

endsegment



segment	humerus_rotation_1
	parent	humphant1_offset_shoulder_rot
	RTinMatrix	1
	RT
		0.024656	0.999089	0.034826	0.000000
		0.498071	-0.042482	0.866095	0.000000
		0.866785	-0.004009	-0.498665	0.000000
		0.000000	0.000000	0.000000	1.000000
endsegment



segment	humerus_rotation_2
	parent	humerus_rotation_1
	RTinMatrix	1
	RT
		-0.346716	0.462247	0.816159	0.000000
		0.799974	0.600034	-0.000000	0.000000
		-0.489724	0.652907	-0.577827	0.000000
		0.000000	0.000000	0.000000	1.000000
endsegment



segment	humerus_reset_axis
	parent	humerus_rotation_2
	RTinMatrix	1
	RT
		-0.067497	0.799974	-0.596226	0.000000
		0.089988	0.600034	0.794897	0.000000
		0.993653	0.000000	-0.112489	0.000000
		0.000000	0.000000	0.000000	1.000000
endsegment



segment	humerus
	parent	humerus_reset_axis
	RTinMatrix	1
	RT
		1.000000	0.000000	0.000000	-0.000000
		0.000000	1.000000	0.000000	-0.000000
		0.000000	0.000000	1.000000	-0.000000
		0.000000	0.000000	0.000000	1.000000
	mass	1.99757
	CenterOfMass	0.018064	-0.140141	-0.012746
	inertia
		0.012278	-0.000347	-0.000233
		-0.000347	0.002551	0.001229
		-0.000233	0.001229	0.012579
	meshfile	.//home/charbie/Documents/Programmation/ReachingLearning/ReachingLearning/StochasticOptimalControl/models/mesh_cleaned/humerus.vtp
	meshcolor	1.0	1.0	1.0
	meshscale	1.0	1.0	1.0
	meshrt	0.0	0.0	0.0	xyz	0.0	0.0	0.0
endsegment

marker	R.Bicep
	parent	humerus
	position	0.01591000	-0.18099000	-0.00553000
	technical	1
	anatomical	0
endmarker
marker	R.Elbow.Lateral
	parent	humerus
	position	0.00509000	-0.28055000	0.02884000
	technical	1
	anatomical	0
endmarker
marker	R.Elbow.Medial
	parent	humerus
	position	-0.00407000	-0.28442000	-0.05408000
	technical	1
	anatomical	0
endmarker



segment	ulna_parent_offset
	parent	humerus
	RTinMatrix	1
	RT
		1.000000	0.000000	0.000000	0.006100
		0.000000	1.000000	0.000000	-0.290400
		0.000000	0.000000	1.000000	-0.012300
		0.000000	0.000000	0.000000	1.000000
endsegment



segment	ulna_translation
	parent	ulna_parent_offset
	RTinMatrix	1
	RT
		1.000000	0.000000	0.000000	0.000000
		0.000000	1.000000	0.000000	0.000000
		0.000000	0.000000	1.000000	0.000000
		0.000000	0.000000	0.000000	1.000000
endsegment



segment	humerus_offset_elbow_flexion
	parent	ulna_translation
	RTinMatrix	1
	RT
		0.049400	0.783859	-0.618971	0.000000
		0.036600	0.617891	0.785412	0.000000
		0.998108	-0.061454	0.001835	0.000000
		0.000000	0.000000	0.000000	1.000000
	rotations	x
	rangesQ 
		0.000000	2.268928

endsegment



segment	ulna_rotation_1
	parent	humerus_offset_elbow_flexion
	RTinMatrix	1
	RT
		0.922707	0.036600	0.383760	0.000000
		0.280919	0.617891	-0.734368	0.000000
		-0.263999	0.785412	0.559851	0.000000
		0.000000	0.000000	0.000000	1.000000
endsegment



segment	ulna_rotation_2
	parent	ulna_rotation_1
	RTinMatrix	1
	RT
		-0.589626	0.710544	0.384017	0.000000
		0.769548	0.638589	-0.000000	0.000000
		-0.245229	0.295519	-0.923326	0.000000
		0.000000	0.000000	0.000000	1.000000
endsegment



segment	ulna_reset_axis
	parent	ulna_rotation_2
	RTinMatrix	1
	RT
		-0.031567	0.769548	-0.637808	0.000000
		0.038041	0.638589	0.768607	0.000000
		0.998777	-0.000000	-0.049433	0.000000
		0.000000	0.000000	0.000000	1.000000
endsegment



segment	ulna
	parent	ulna_reset_axis
	RTinMatrix	1
	RT
		1.000000	0.000000	0.000000	-0.000000
		0.000000	1.000000	0.000000	-0.000000
		0.000000	0.000000	1.000000	-0.000000
		0.000000	0.000000	0.000000	1.000000
	mass	1.1053
	CenterOfMass	0.009718	-0.095951	0.024286
	inertia
		0.005413	0.000317	-0.000076
		0.000317	0.001153	0.001092
		-0.000076	0.001092	0.004944
	meshfile	.//home/charbie/Documents/Programmation/ReachingLearning/ReachingLearning/StochasticOptimalControl/models/mesh_cleaned/ulna.vtp
	meshcolor	1.0	1.0	1.0
	meshscale	1.0	1.0	1.0
	meshrt	0.0	0.0	0.0	xyz	0.0	0.0	0.0
endsegment

marker	R.Ulna
	parent	ulna
	position	-0.01672000	-0.24156000	0.04782000
	technical	1
	anatomical	0
endmarker



segment	radius_parent_offset
	parent	ulna
	RTinMatrix	1
	RT
		1.000000	0.000000	0.000000	0.000400
		0.000000	1.000000	0.000000	-0.011503
		0.000000	0.000000	1.000000	0.019999
		0.000000	0.000000	0.000000	1.000000
endsegment



segment	radius_translation
	parent	radius_parent_offset
	RTinMatrix	1
	RT
		1.000000	0.000000	0.000000	0.000000
		0.000000	1.000000	0.000000	0.000000
		0.000000	0.000000	1.000000	0.000000
		0.000000	0.000000	0.000000	1.000000
endsegment



segment	ulna_offset_pro_sup
	parent	radius_translation
	RTinMatrix	1
	RT
		-0.017161	0.075055	0.997032	0.000000
		0.992666	0.120627	0.008005	0.000000
		-0.119668	0.989857	-0.076574	0.000000
		0.000000	0.000000	0.000000	1.000000
	rotations	x
	rangesQ 
		-1.570796	1.570796

endsegment



segment	radius_rotation_1
	parent	ulna_offset_pro_sup
	RTinMatrix	1
	RT
		-0.104926	0.992666	-0.060046	0.000000
		0.826783	0.120627	0.549435	0.000000
		0.552648	0.008005	-0.833376	0.000000
		0.000000	0.000000	0.000000	1.000000
endsegment



segment	radius_rotation_2
	parent	radius_rotation_1
	RTinMatrix	1
	RT
		0.852408	0.163410	-0.496687	0.000000
		-0.188275	0.982116	0.000000	0.000000
		0.487804	0.093514	0.867930	0.000000
		0.000000	0.000000	0.000000	1.000000
endsegment



segment	radius_reset_axis
	parent	radius_rotation_2
	RTinMatrix	1
	RT
		0.139414	-0.188275	0.972171	0.000000
		0.026726	0.982116	0.186369	0.000000
		-0.989873	-0.000000	0.141953	0.000000
		0.000000	0.000000	0.000000	1.000000
endsegment



segment	radius
	parent	radius_reset_axis
	RTinMatrix	1
	RT
		1.000000	0.000000	0.000000	-0.000000
		0.000000	1.000000	0.000000	-0.000000
		0.000000	0.000000	1.000000	-0.000000
		0.000000	0.000000	0.000000	1.000000
	mass	0.23359
	CenterOfMass	0.033634	-0.181559	0.015600
	inertia
		0.000439	0.000030	-0.000004
		0.000030	0.000089	0.000064
		-0.000004	0.000064	0.000403
	meshfile	.//home/charbie/Documents/Programmation/ReachingLearning/ReachingLearning/StochasticOptimalControl/models/mesh_cleaned/radius.vtp
	meshcolor	1.0	1.0	1.0
	meshscale	1.0	1.0	1.0
	meshrt	0.0	0.0	0.0	xyz	0.0	0.0	0.0
endsegment

marker	R.Forearm
	parent	radius
	position	0.03828000	-0.11326000	0.01740000
	technical	1
	anatomical	0
endmarker
marker	R.Radius
	parent	radius
	position	0.05749000	-0.22722000	0.02738000
	technical	1
	anatomical	0
endmarker



segment	proximal_row_parent_offset
	parent	radius
	RTinMatrix	1
	RT
		1.000000	0.000000	0.000000	0.018000
		0.000000	1.000000	0.000000	-0.242000
		0.000000	0.000000	1.000000	0.025000
		0.000000	0.000000	0.000000	1.000000
endsegment



segment	proximal_row_translation
	parent	proximal_row_parent_offset
	RTinMatrix	1
	RT
		1.000000	0.000000	0.000000	0.000000
		0.000000	1.000000	0.000000	0.000000
		0.000000	0.000000	1.000000	0.000000
		0.000000	0.000000	0.000000	1.000000
endsegment



segment	radius_offset_deviation
	parent	proximal_row_translation
	RTinMatrix	1
	RT
		-0.819064	-0.295940	0.491481	0.000000
		-0.135611	0.932278	0.335362	0.000000
		-0.557444	0.208033	-0.803728	0.000000
		0.000000	0.000000	0.000000	1.000000
	rotations	x
	rangesQ 
		-0.174533	0.436332

endsegment



segment	proximal_row_rotation_1
	parent	radius_offset_deviation
	RTinMatrix	1
	RT
		-0.989022	-0.135611	0.058699	0.000000
		-0.107327	0.932278	0.345455	0.000000
		-0.101571	0.335362	-0.936598	0.000000
		0.000000	0.000000	0.000000	1.000000
endsegment



segment	radius_offset_flexion
	parent	proximal_row_rotation_1
	RTinMatrix	1
	RT
		-0.306968	0.433549	0.847234	0.000000
		0.485854	0.836862	-0.252207	0.000000
		-0.818362	0.334213	-0.467531	0.000000
		0.000000	0.000000	0.000000	1.000000
	rotations	z
	rangesQ 
		-1.221730	1.221730

endsegment



segment	proximal_row_reset_axis
	parent	radius_offset_flexion
	RTinMatrix	1
	RT
		0.256626	0.485854	-0.835517	0.000000
		0.139252	0.836862	0.529407	0.000000
		0.956427	-0.252207	0.147104	0.000000
		0.000000	0.000000	0.000000	1.000000
endsegment



segment	proximal_row_geom_2
	parent	proximal_row_reset_axis
	RTinMatrix	1
	RT
		1.000000	0.000000	0.000000	0.000000
		0.000000	1.000000	0.000000	0.000000
		0.000000	0.000000	1.000000	0.000000
		0.000000	0.000000	0.000000	1.000000
	meshfile	.//home/charbie/Documents/Programmation/ReachingLearning/ReachingLearning/StochasticOptimalControl/models/mesh_cleaned/sdfastSCAPHOIDw.vtp
	meshcolor	1.0	1.0	1.0
	meshscale	1.0	1.0	1.0
	meshrt	0.0	0.0	0.0	xyz	0.0	0.0	0.0
endsegment



segment	proximal_row_geom_3
	parent	proximal_row_reset_axis
	RTinMatrix	1
	RT
		1.000000	0.000000	0.000000	0.000000
		0.000000	1.000000	0.000000	0.000000
		0.000000	0.000000	1.000000	0.000000
		0.000000	0.000000	0.000000	1.000000
	meshfile	.//home/charbie/Documents/Programmation/ReachingLearning/ReachingLearning/StochasticOptimalControl/models/mesh_cleaned/sdfastPISIFORMw.vtp
	meshcolor	1.0	1.0	1.0
	meshscale	1.0	1.0	1.0
	meshrt	0.0	0.0	0.0	xyz	0.0	0.0	0.0
endsegment



segment	proximal_row_geom_4
	parent	proximal_row_reset_axis
	RTinMatrix	1
	RT
		1.000000	0.000000	0.000000	0.000000
		0.000000	1.000000	0.000000	0.000000
		0.000000	0.000000	1.000000	0.000000
		0.000000	0.000000	0.000000	1.000000
	meshfile	.//home/charbie/Documents/Programmation/ReachingLearning/ReachingLearning/StochasticOptimalControl/models/mesh_cleaned/sdfastTRIQUETRALw.vtp
	meshcolor	1.0	1.0	1.0
	meshscale	1.0	1.0	1.0
	meshrt	0.0	0.0	0.0	xyz	0.0	0.0	0.0
endsegment



segment	proximal_row
	parent	proximal_row_geom_4
	RTinMatrix	1
	RT
		1.000000	0.000000	0.000000	-0.000000
		0.000000	1.000000	0.000000	-0.000000
		0.000000	0.000000	1.000000	-0.000000
		0.000000	0.000000	0.000000	1.000000
	mass	0.0001
	CenterOfMass	0.000000	0.000000	0.000000
	inertia
		0.000010	0.000000	0.000000
		0.000000	0.000010	0.000000
		0.000000	0.000000	0.000010
	meshfile	.//home/charbie/Documents/Programmation/ReachingLearning/ReachingLearning/StochasticOptimalControl/models/mesh_cleaned/lunate.vtp
	meshcolor	1.0	1.0	1.0
	meshscale	1.0	1.0	1.0
	meshrt	0.0	0.0	0.0	xyz	0.0	0.0	0.0
endsegment



segment	hand_parent_offset
	parent	proximal_row
	RTinMatrix	1
	RT
		1.000000	0.000000	0.000000	0.003992
		0.000000	1.000000	0.000000	-0.015054
		0.000000	0.000000	1.000000	0.002327
		0.000000	0.000000	0.000000	1.000000
endsegment



segment	hand_translation
	parent	hand_parent_offset
	RTinMatrix	1
	RT
		1.000000	0.000000	0.000000	0.000000
		0.000000	1.000000	0.000000	0.000000
		0.000000	0.000000	1.000000	0.000000
		0.000000	0.000000	0.000000	1.000000
endsegment



segment	proximal_row_offset_wrist_hand_r1
	parent	hand_translation
	RTinMatrix	1
	RT
		0.899136	0.417191	-0.132311	0.000000
		-0.349053	0.501153	-0.791838	0.000000
		-0.264040	0.758154	0.596226	0.000000
		0.000000	0.000000	0.000000	1.000000
	rotations	x
	rangesQ 
		-99999.900000	99999.900000

endsegment



segment	proximal_row_offset_wrist_hand_r3
	parent	proximal_row_offset_wrist_hand_r1
	RTinMatrix	1
	RT
		-0.217685	0.912640	-0.345980	0.000000
		0.816726	0.364414	0.447394	0.000000
		0.534389	-0.185180	-0.824704	0.000000
		0.000000	0.000000	0.000000	1.000000
	rotations	y
	rangesQ 
		-99999.900000	99999.900000

endsegment



segment	hand_rotation_2
	parent	proximal_row_offset_wrist_hand_r3
	RTinMatrix	1
	RT
		-0.474148	0.242458	0.846403	0.000000
		0.455283	0.890347	-0.000000	0.000000
		-0.753592	0.385353	-0.532543	0.000000
		0.000000	0.000000	0.000000	1.000000
endsegment



segment	hand_reset_axis
	parent	hand_rotation_2
	RTinMatrix	1
	RT
		0.430286	-0.776684	-0.460018	0.000000
		0.899893	0.409179	0.150882	0.000000
		0.071042	-0.478889	0.874996	0.000000
		0.000000	0.000000	0.000000	1.000000
endsegment



segment	hand_geom_2
	parent	hand_reset_axis
	RTinMatrix	1
	RT
		1.000000	0.000000	0.000000	0.000000
		0.000000	1.000000	0.000000	0.000000
		0.000000	0.000000	1.000000	0.000000
		0.000000	0.000000	0.000000	1.000000
	meshfile	.//home/charbie/Documents/Programmation/ReachingLearning/ReachingLearning/StochasticOptimalControl/models/mesh_cleaned/sdfast_1seg_hand_fr_c_4mc.vtp
	meshcolor	1.0	1.0	1.0
	meshscale	1.0	1.0	1.0
	meshrt	0.0	0.0	0.0	xyz	0.0	0.0	0.0
endsegment



segment	hand_geom_3
	parent	hand_reset_axis
	RTinMatrix	1
	RT
		1.000000	0.000000	0.000000	0.000000
		0.000000	1.000000	0.000000	0.000000
		0.000000	0.000000	1.000000	0.000000
		0.000000	0.000000	0.000000	1.000000
	meshfile	.//home/charbie/Documents/Programmation/ReachingLearning/ReachingLearning/StochasticOptimalControl/models/mesh_cleaned/sdfast_1seg_hand_fr_c_3mc.vtp
	meshcolor	1.0	1.0	1.0
	meshscale	1.0	1.0	1.0
	meshrt	0.0	0.0	0.0	xyz	0.0	0.0	0.0
endsegment



segment	hand_geom_4
	parent	hand_reset_axis
	RTinMatrix	1
	RT
		1.000000	0.000000	0.000000	0.000000
		0.000000	1.000000	0.000000	0.000000
		0.000000	0.000000	1.000000	0.000000
		0.000000	0.000000	0.000000	1.000000
	meshfile	.//home/charbie/Documents/Programmation/ReachingLearning/ReachingLearning/StochasticOptimalControl/models/mesh_cleaned/sdfast_1seg_hand_fr_c_2mc.vtp
	meshcolor	1.0	1.0	1.0
	meshscale	1.0	1.0	1.0
	meshrt	0.0	0.0	0.0	xyz	0.0	0.0	0.0
endsegment



segment	hand_geom_5
	parent	hand_reset_axis
	RTinMatrix	1
	RT
		1.000000	0.000000	0.000000	0.000000
		0.000000	1.000000	0.000000	0.000000
		0.000000	0.000000	1.000000	0.000000
		0.000000	0.000000	0.000000	1.000000
	meshfile	.//home/charbie/Documents/Programmation/ReachingLearning/ReachingLearning/StochasticOptimalControl/models/mesh_cleaned/sdfast_1seg_hand_fr_c_trapezium.vtp
	meshcolor	1.0	1.0	1.0
	meshscale	1.0	1.0	1.0
	meshrt	0.0	0.0	0.0	xyz	0.0	0.0	0.0
endsegment



segment	hand_geom_6
	parent	hand_reset_axis
	RTinMatrix	1
	RT
		1.000000	0.000000	0.000000	0.000000
		0.000000	1.000000	0.000000	0.000000
		0.000000	0.000000	1.000000	0.000000
		0.000000	0.000000	0.000000	1.000000
	meshfile	.//home/charbie/Documents/Programmation/ReachingLearning/ReachingLearning/StochasticOptimalControl/models/mesh_cleaned/sdfast_1seg_hand_fr_c_trapezoid.vtp
	meshcolor	1.0	1.0	1.0
	meshscale	1.0	1.0	1.0
	meshrt	0.0	0.0	0.0	xyz	0.0	0.0	0.0
endsegment



segment	hand_geom_7
	parent	hand_reset_axis
	RTinMatrix	1
	RT
		1.000000	0.000000	0.000000	0.000000
		0.000000	1.000000	0.000000	0.000000
		0.000000	0.000000	1.000000	0.000000
		0.000000	0.000000	0.000000	1.000000
	meshfile	.//home/charbie/Documents/Programmation/ReachingLearning/ReachingLearning/StochasticOptimalControl/models/mesh_cleaned/sdfast_1seg_hand_fr_c_hamate.vtp
	meshcolor	1.0	1.0	1.0
	meshscale	1.0	1.0	1.0
	meshrt	0.0	0.0	0.0	xyz	0.0	0.0	0.0
endsegment



segment	hand_geom_8
	parent	hand_reset_axis
	RTinMatrix	1
	RT
		1.000000	0.000000	0.000000	0.000000
		0.000000	1.000000	0.000000	0.000000
		0.000000	0.000000	1.000000	0.000000
		0.000000	0.000000	0.000000	1.000000
	meshfile	.//home/charbie/Documents/Programmation/ReachingLearning/ReachingLearning/StochasticOptimalControl/models/mesh_cleaned/capitate.vtp
	meshcolor	1.0	1.0	1.0
	meshscale	1.0	1.0	1.0
	meshrt	0.0	0.0	0.0	xyz	0.0	0.0	0.0
endsegment



segment	hand_geom_9
	parent	hand_reset_axis
	RTinMatrix	1
	RT
		1.000000	0.000000	0.000000	0.000000
		0.000000	1.000000	0.000000	0.000000
		0.000000	0.000000	1.000000	0.000000
		0.000000	0.000000	0.000000	1.000000
	meshfile	.//home/charbie/Documents/Programmation/ReachingLearning/ReachingLearning/StochasticOptimalControl/models/mesh_cleaned/hand_2proxph.vtp
	meshcolor	1.0	1.0	1.0
	meshscale	1.0	1.0	1.0
	meshrt	0.0	0.0	0.0	xyz	0.0	0.0	0.0
endsegment



segment	hand_geom_10
	parent	hand_reset_axis
	RTinMatrix	1
	RT
		1.000000	0.000000	0.000000	0.000000
		0.000000	1.000000	0.000000	0.000000
		0.000000	0.000000	1.000000	0.000000
		0.000000	0.000000	0.000000	1.000000
	meshfile	.//home/charbie/Documents/Programmation/ReachingLearning/ReachingLearning/StochasticOptimalControl/models/mesh_cleaned/hand_2midph.vtp
	meshcolor	1.0	1.0	1.0
	meshscale	1.0	1.0	1.0
	meshrt	0.0	0.0	0.0	xyz	0.0	0.0	0.0
endsegment



segment	hand_geom_11
	parent	hand_reset_axis
	RTinMatrix	1
	RT
		1.000000	0.000000	0.000000	0.000000
		0.000000	1.000000	0.000000	0.000000
		0.000000	0.000000	1.000000	0.000000
		0.000000	0.000000	0.000000	1.000000
	meshfile	.//home/charbie/Documents/Programmation/ReachingLearning/ReachingLearning/StochasticOptimalControl/models/mesh_cleaned/hand_2distph.vtp
	meshcolor	1.0	1.0	1.0
	meshscale	1.0	1.0	1.0
	meshrt	0.0	0.0	0.0	xyz	0.0	0.0	0.0
endsegment



segment	hand_geom_12
	parent	hand_reset_axis
	RTinMatrix	1
	RT
		1.000000	0.000000	0.000000	0.000000
		0.000000	1.000000	0.000000	0.000000
		0.000000	0.000000	1.000000	0.000000
		0.000000	0.000000	0.000000	1.000000
	meshfile	.//home/charbie/Documents/Programmation/ReachingLearning/ReachingLearning/StochasticOptimalControl/models/mesh_cleaned/hand_3proxph.vtp
	meshcolor	1.0	1.0	1.0
	meshscale	1.0	1.0	1.0
	meshrt	0.0	0.0	0.0	xyz	0.0	0.0	0.0
endsegment



segment	hand_geom_13
	parent	hand_reset_axis
	RTinMatrix	1
	RT
		1.000000	0.000000	0.000000	0.000000
		0.000000	1.000000	0.000000	0.000000
		0.000000	0.000000	1.000000	0.000000
		0.000000	0.000000	0.000000	1.000000
	meshfile	.//home/charbie/Documents/Programmation/ReachingLearning/ReachingLearning/StochasticOptimalControl/models/mesh_cleaned/hand_3midph.vtp
	meshcolor	1.0	1.0	1.0
	meshscale	1.0	1.0	1.0
	meshrt	0.0	0.0	0.0	xyz	0.0	0.0	0.0
endsegment



segment	hand_geom_14
	parent	hand_reset_axis
	RTinMatrix	1
	RT
		1.000000	0.000000	0.000000	0.000000
		0.000000	1.000000	0.000000	0.000000
		0.000000	0.000000	1.000000	0.000000
		0.000000	0.000000	0.000000	1.000000
	meshfile	.//home/charbie/Documents/Programmation/ReachingLearning/ReachingLearning/StochasticOptimalControl/models/mesh_cleaned/hand_3distph.vtp
	meshcolor	1.0	1.0	1.0
	meshscale	1.0	1.0	1.0
	meshrt	0.0	0.0	0.0	xyz	0.0	0.0	0.0
endsegment



segment	hand_geom_15
	parent	hand_reset_axis
	RTinMatrix	1
	RT
		1.000000	0.000000	0.000000	0.000000
		0.000000	1.000000	0.000000	0.000000
		0.000000	0.000000	1.000000	0.000000
		0.000000	0.000000	0.000000	1.000000
	meshfile	.//home/charbie/Documents/Programmation/ReachingLearning/ReachingLearning/StochasticOptimalControl/models/mesh_cleaned/hand_4proxph.vtp
	meshcolor	1.0	1.0	1.0
	meshscale	1.0	1.0	1.0
	meshrt	0.0	0.0	0.0	xyz	0.0	0.0	0.0
endsegment



segment	hand_geom_16
	parent	hand_reset_axis
	RTinMatrix	1
	RT
		1.000000	0.000000	0.000000	0.000000
		0.000000	1.000000	0.000000	0.000000
		0.000000	0.000000	1.000000	0.000000
		0.000000	0.000000	0.000000	1.000000
	meshfile	.//home/charbie/Documents/Programmation/ReachingLearning/ReachingLearning/StochasticOptimalControl/models/mesh_cleaned/hand_4midph.vtp
	meshcolor	1.0	1.0	1.0
	meshscale	1.0	1.0	1.0
	meshrt	0.0	0.0	0.0	xyz	0.0	0.0	0.0
endsegment



segment	hand_geom_17
	parent	hand_reset_axis
	RTinMatrix	1
	RT
		1.000000	0.000000	0.000000	0.000000
		0.000000	1.000000	0.000000	0.000000
		0.000000	0.000000	1.000000	0.000000
		0.000000	0.000000	0.000000	1.000000
	meshfile	.//home/charbie/Documents/Programmation/ReachingLearning/ReachingLearning/StochasticOptimalControl/models/mesh_cleaned/hand_4distph.vtp
	meshcolor	1.0	1.0	1.0
	meshscale	1.0	1.0	1.0
	meshrt	0.0	0.0	0.0	xyz	0.0	0.0	0.0
endsegment



segment	hand_geom_18
	parent	hand_reset_axis
	RTinMatrix	1
	RT
		1.000000	0.000000	0.000000	0.000000
		0.000000	1.000000	0.000000	0.000000
		0.000000	0.000000	1.000000	0.000000
		0.000000	0.000000	0.000000	1.000000
	meshfile	.//home/charbie/Documents/Programmation/ReachingLearning/ReachingLearning/StochasticOptimalControl/models/mesh_cleaned/hand_5proxph.vtp
	meshcolor	1.0	1.0	1.0
	meshscale	1.0	1.0	1.0
	meshrt	0.0	0.0	0.0	xyz	0.0	0.0	0.0
endsegment



segment	hand_geom_19
	parent	hand_reset_axis
	RTinMatrix	1
	RT
		1.000000	0.000000	0.000000	0.000000
		0.000000	1.000000	0.000000	0.000000
		0.000000	0.000000	1.000000	0.000000
		0.000000	0.000000	0.000000	1.000000
	meshfile	.//home/charbie/Documents/Programmation/ReachingLearning/ReachingLearning/StochasticOptimalControl/models/mesh_cleaned/hand_5midph.vtp
	meshcolor	1.0	1.0	1.0
	meshscale	1.0	1.0	1.0
	meshrt	0.0	0.0	0.0	xyz	0.0	0.0	0.0
endsegment



segment	hand_geom_20
	parent	hand_reset_axis
	RTinMatrix	1
	RT
		1.000000	0.000000	0.000000	0.000000
		0.000000	1.000000	0.000000	0.000000
		0.000000	0.000000	1.000000	0.000000
		0.000000	0.000000	0.000000	1.000000
	meshfile	.//home/charbie/Documents/Programmation/ReachingLearning/ReachingLearning/StochasticOptimalControl/models/mesh_cleaned/hand_5distph.vtp
	meshcolor	1.0	1.0	1.0
	meshscale	1.0	1.0	1.0
	meshrt	0.0	0.0	0.0	xyz	0.0	0.0	0.0
endsegment



segment	hand_geom_21
	parent	hand_reset_axis
	RTinMatrix	1
	RT
		1.000000	0.000000	0.000000	0.000000
		0.000000	1.000000	0.000000	0.000000
		0.000000	0.000000	1.000000	0.000000
		0.000000	0.000000	0.000000	1.000000
	meshfile	.//home/charbie/Documents/Programmation/ReachingLearning/ReachingLearning/StochasticOptimalControl/models/mesh_cleaned/hand_thumbprox.vtp
	meshcolor	1.0	1.0	1.0
	meshscale	1.0	1.0	1.0
	meshrt	0.0	0.0	0.0	xyz	0.0	0.0	0.0
endsegment



segment	hand_geom_22
	parent	hand_reset_axis
	RTinMatrix	1
	RT
		1.000000	0.000000	0.000000	0.000000
		0.000000	1.000000	0.000000	0.000000
		0.000000	0.000000	1.000000	0.000000
		0.000000	0.000000	0.000000	1.000000
	meshfile	.//home/charbie/Documents/Programmation/ReachingLearning/ReachingLearning/StochasticOptimalControl/models/mesh_cleaned/hand_thumbdist.vtp
	meshcolor	1.0	1.0	1.0
	meshscale	1.0	1.0	1.0
	meshrt	0.0	0.0	0.0	xyz	0.0	0.0	0.0
endsegment



segment	hand_geom_23
	parent	hand_reset_axis
	RTinMatrix	1
	RT
		1.000000	0.000000	0.000000	0.000000
		0.000000	1.000000	0.000000	0.000000
		0.000000	0.000000	1.000000	0.000000
		0.000000	0.000000	0.000000	1.000000
	meshfile	.//home/charbie/Documents/Programmation/ReachingLearning/ReachingLearning/StochasticOptimalControl/models/mesh_cleaned/hand_1mc.vtp
	meshcolor	1.0	1.0	1.0
	meshscale	1.0	1.0	1.0
	meshrt	0.0	0.0	0.0	xyz	0.0	0.0	0.0
endsegment



segment	hand
	parent	hand_geom_23
	RTinMatrix	1
	RT
		1.000000	0.000000	0.000000	-0.000000
		0.000000	1.000000	0.000000	-0.000000
		0.000000	0.000000	1.000000	-0.000000
		0.000000	0.000000	0.000000	1.000000
	mass	0.5819
	CenterOfMass	-0.003013	-0.042499	-0.001122
	inertia
		0.000110	0.000001	-0.000000
		0.000001	0.000060	0.000012
		-0.000000	0.000012	0.000150
	meshfile	.//home/charbie/Documents/Programmation/ReachingLearning/ReachingLearning/StochasticOptimalControl/models/mesh_cleaned/sdfast_1seg_hand_fr_c_5mc.vtp
	meshcolor	1.0	1.0	1.0
	meshscale	1.0	1.0	1.0
	meshrt	0.0	0.0	0.0	xyz	0.0	0.0	0.0
endsegment

marker	Handle
	parent	hand
	position	0.05341800	-0.08449600	0.00903300
	technical	1
	anatomical	0
endmarker



// --------------------------------------------------------------
// MUSCLES
// --------------------------------------------------------------

musclegroup	humerus_to_clavicle
	OriginParent	humerus
	InsertionParent	clavicle
endmusclegroup

 // ------ MUSCLES ------
muscle	DELT1
	type	hilldegroote
	statetype	degroote
	musclegroup	humerus_to_clavicle
	originposition	0.009	-0.1188	0.0058
	insertionposition	-0.014	0.0111	0.0802
	optimallength	0.0976
	maximalforce	1218.9000
	tendonslacklength	0.0930
	pennationangle	0.3840
	maxvelocity	10.0000
	maxexcitation	1.0000
endmuscle



 // ------ VIA POINTS ------
viapoint	DELT1-P2
	parent	humerus
	muscle	DELT1
	musclegroup	humerus_to_clavicle
	position	0.01623	-0.11033	0.00412
endviapoint


viapoint	DELT1-P3
	parent	scapula
	muscle	DELT1
	musclegroup	humerus_to_clavicle
	position	0.04347	-0.03202	0.00499
endviapoint


muscle	PECM1
	type	hilldegroote
	statetype	degroote
	musclegroup	humerus_to_clavicle
	originposition	0.0117	-0.0419	0.0078
	insertionposition	0.0032	-0.0001	0.0511
	optimallength	0.1442
	maximalforce	444.3000
	tendonslacklength	0.0028
	pennationangle	0.2967
	maxvelocity	10.0000
	maxexcitation	1.0000
endmuscle



 // ------ VIA POINTS ------

// WARNING: biorbd doe not support moving via points, so the via point default was ignored.

// WARNING: biorbd doe not support moving via points, so the via point default_0 was ignored.

musclegroup	humerus_to_scapula
	OriginParent	humerus
	InsertionParent	scapula
endmusclegroup

 // ------ MUSCLES ------
muscle	DELT2
	type	hilldegroote
	statetype	degroote
	musclegroup	humerus_to_scapula
	originposition	0.0046	-0.1361	0.0056
